Open,High,Low,Close,Adj Close,Volume
21.5,21.57900047302246,20.739999771118164,20.790000915527344,20.790000915527344,6455100
20.81999969482422,21.518999099731445,20.760000228881836,21.260000228881836,21.260000228881836,4375600
21.420000076293945,22.1200008392334,21.34000015258789,21.969999313354492,21.969999313354492,3983600
22.329999923706055,22.600000381469727,22.010000228881836,22.540000915527344,22.540000915527344,4401200
22.700000762939453,22.700000762939453,21.81999969482422,22.239999771118164,22.239999771118164,4904800
22.010000228881836,22.459999084472656,21.309999465942383,21.360000610351562,21.360000610351562,6124300
21.739999771118164,21.850000381469727,21.190000534057617,21.239999771118164,21.239999771118164,8197500
21.420000076293945,21.6200008392334,20.735000610351562,20.889999389648438,20.889999389648438,7807200
20.989999771118164,21.700000762939453,20.889999389648438,21.149999618530273,21.149999618530273,7563400
20.969999313354492,21.920000076293945,20.940000534057617,21.229999542236328,21.229999542236328,16637100
23.790000915527344,23.799999237060547,22.18000030517578,22.969999313354492,22.969999313354492,42496200
22.68000030517578,22.93000030517578,21.760000228881836,22.010000228881836,22.010000228881836,19184900
22.299999237060547,22.989999771118164,22.09000015258789,22.579999923706055,22.579999923706055,9987800
22.31999969482422,22.399999618530273,21.364999771118164,21.670000076293945,21.670000076293945,8666000
21.299999237060547,22.06999969482422,21.281999588012695,21.8700008392334,21.8700008392334,5746000
21.84000015258789,21.84000015258789,20.639999389648438,20.68000030517578,20.68000030517578,14028100
20.84000015258789,21.6200008392334,20.299999237060547,21.219999313354492,21.219999313354492,12217300
21.06999969482422,21.815000534057617,20.905000686645508,21.139999389648438,21.139999389648438,7442500
20.760000228881836,20.854999542236328,20.264999389648438,20.610000610351562,20.610000610351562,12443700
20.579999923706055,20.780000686645508,20.104999542236328,20.700000762939453,20.700000762939453,7872000
20.969999313354492,21.510000228881836,20.600000381469727,21.309999465942383,21.309999465942383,11658100
20.309999465942383,20.809999465942383,20.010000228881836,20.25,20.25,10770900
20.299999237060547,20.440000534057617,19.8700008392334,20.309999465942383,20.309999465942383,10085300
20.170000076293945,20.711000442504883,20.139999389648438,20.31999969482422,20.31999969482422,6155600
20.56999969482422,20.65999984741211,20.28499984741211,20.510000228881836,20.510000228881836,7027300
20.170000076293945,20.270000457763672,19.809999465942383,19.90999984741211,19.90999984741211,10711600
19.93000030517578,20.850000381469727,19.8799991607666,20.469999313354492,20.469999313354492,11257200
20.360000610351562,21.424999237060547,20.149999618530273,20.829999923706055,20.829999923706055,17695500
20.90999984741211,21.510000228881836,20.350000381469727,20.43000030517578,20.43000030517578,10637800
20.389999389648438,20.409000396728516,19.559999465942383,19.989999771118164,19.989999771118164,12841000
19.90999984741211,20.049999237060547,18.770000457763672,19.309999465942383,19.309999465942383,15686300
19.15999984741211,19.18000030517578,17.92300033569336,18.010000228881836,18.010000228881836,13206400
18.09000015258789,18.350000381469727,17.770000457763672,17.989999771118164,17.989999771118164,7894900
17.8700008392334,18.1299991607666,17.600000381469727,17.920000076293945,17.920000076293945,7285200
18.03499984741211,18.979999542236328,17.790000915527344,18.65999984741211,18.65999984741211,7905600
18.709999084472656,19.094999313354492,18.3799991607666,18.399999618530273,18.399999618530273,5892600
18.43000030517578,19.360000610351562,18.382999420166016,19.06999969482422,19.06999969482422,5494300
19.200000762939453,20.0,19.149999618530273,19.989999771118164,19.989999771118164,6056000
20.030000686645508,20.1299991607666,19.520000457763672,20.0,20.0,6369200
20.15999984741211,20.15999984741211,19.709999084472656,19.920000076293945,19.920000076293945,6742900
19.65999984741211,20.03499984741211,19.415000915527344,19.709999084472656,19.709999084472656,4576600
19.68000030517578,19.940000534057617,19.461000442504883,19.90999984741211,19.90999984741211,5024100
20.399999618530273,21.259000778198242,20.260000228881836,21.190000534057617,21.190000534057617,11542600
21.18000030517578,21.260000228881836,20.739999771118164,21.18000030517578,21.18000030517578,5924700
21.0,22.3700008392334,21.0,22.020000457763672,22.020000457763672,9183600
21.885000228881836,21.899999618530273,20.950000762939453,21.350000381469727,21.350000381469727,5824000
21.6200008392334,23.09000015258789,21.520000457763672,22.989999771118164,22.989999771118164,9736600
23.100000381469727,23.530000686645508,22.450000762939453,22.84000015258789,22.84000015258789,9266400
23.149999618530273,23.520000457763672,22.600000381469727,22.719999313354492,22.719999313354492,5195000
22.84000015258789,24.360000610351562,22.719999313354492,24.15999984741211,24.15999984741211,10663200
23.90999984741211,24.889999389648438,23.8799991607666,24.780000686645508,24.780000686645508,7733100
25.049999237060547,26.100000381469727,24.825000762939453,25.65999984741211,25.65999984741211,10169200
25.399999618530273,25.520000457763672,23.834999084472656,24.260000228881836,24.260000228881836,9746600
23.969999313354492,24.959999084472656,23.68000030517578,24.809999465942383,24.809999465942383,6881400
25.049999237060547,25.290000915527344,24.31999969482422,24.59000015258789,24.59000015258789,4735700
24.989999771118164,25.40999984741211,24.19499969482422,24.690000534057617,24.690000534057617,7086600
27.56999969482422,28.290000915527344,26.51099967956543,27.600000381469727,27.600000381469727,30445400
28.15999984741211,28.239999771118164,25.260000228881836,25.81999969482422,25.81999969482422,14747200
25.5,25.68000030517578,24.079999923706055,24.520000457763672,24.520000457763672,10309400
24.84000015258789,25.979999542236328,24.639999389648438,25.68000030517578,25.68000030517578,7789100
26.100000381469727,27.3700008392334,25.90999984741211,26.81999969482422,26.81999969482422,12682600
27.040000915527344,27.15999984741211,26.18000030517578,26.93000030517578,26.93000030517578,9376000
26.950000762939453,27.479999542236328,25.34000015258789,27.450000762939453,27.450000762939453,13851500
27.450000762939453,28.719999313354492,26.81999969482422,27.690000534057617,27.690000534057617,12708400
27.299999237060547,27.469999313354492,25.68000030517578,26.1299991607666,26.1299991607666,11027800
25.93000030517578,27.198999404907227,25.829999923706055,26.899999618530273,26.899999618530273,6840000
27.469999313354492,28.530000686645508,26.56999969482422,27.299999237060547,27.299999237060547,11792400
26.979999542236328,27.899999618530273,25.510000228881836,25.850000381469727,25.850000381469727,8528600
25.600000381469727,26.34000015258789,24.739999771118164,26.170000076293945,26.170000076293945,6926400
25.020000457763672,25.989999771118164,25.0,25.81999969482422,25.81999969482422,5215200
26.05500030517578,26.229999542236328,25.049999237060547,26.059999465942383,26.059999465942383,7823900
25.78499984741211,26.75,24.459999084472656,25.520000457763672,25.520000457763672,11282400
25.6200008392334,25.790000915527344,23.5,23.520000457763672,23.520000457763672,8548300
23.6299991607666,24.454999923706055,22.8799991607666,23.290000915527344,23.290000915527344,7779600
23.25,23.440000534057617,21.0,21.56999969482422,21.56999969482422,10588300
21.0,21.349000930786133,19.719999313354492,20.739999771118164,20.739999771118164,10332200
21.799999237060547,22.18000030517578,21.299999237060547,21.780000686645508,21.780000686645508,12272900
20.7549991607666,21.31999969482422,19.639999389648438,20.979999542236328,20.979999542236328,21719200
21.209999084472656,22.1299991607666,20.59000015258789,20.690000534057617,20.690000534057617,11140500
20.700000762939453,21.290000915527344,19.450000762939453,20.200000762939453,20.200000762939453,10933900
20.0,21.110000610351562,19.899999618530273,20.889999389648438,20.889999389648438,9900000
20.209999084472656,20.739999771118164,19.239999771118164,19.5,19.5,12186400
19.90999984741211,20.25,18.940000534057617,19.889999389648438,19.889999389648438,13239500
20.020000457763672,20.260000228881836,19.100000381469727,19.1299991607666,19.1299991607666,10443000
18.90999984741211,19.229999542236328,18.125,19.030000686645508,19.030000686645508,19038000
18.21500015258789,18.770000457763672,17.920000076293945,18.010000228881836,18.010000228881836,11363600
18.059999465942383,18.825000762939453,17.959999084472656,18.739999771118164,18.739999771118164,9267500
18.700000762939453,18.889999389648438,18.31800079345703,18.6200008392334,18.6200008392334,6053000
18.6200008392334,19.200000762939453,18.15999984741211,19.049999237060547,19.049999237060547,7634800
18.860000610351562,19.299999237060547,18.690000534057617,19.200000762939453,19.200000762939453,6951800
19.219999313354492,19.270000457763672,18.559999465942383,18.68000030517578,18.68000030517578,5710800
18.53499984741211,18.6200008392334,17.520000457763672,17.760000228881836,17.760000228881836,12077200
17.760000228881836,19.729999542236328,17.709999084472656,19.329999923706055,19.329999923706055,13773500
19.020000457763672,19.709999084472656,18.90999984741211,19.049999237060547,19.049999237060547,9296000
19.420000076293945,19.97800064086914,18.940000534057617,19.8700008392334,19.8700008392334,7944400
19.700000762939453,19.989999771118164,18.829999923706055,19.520000457763672,19.520000457763672,7808100
19.270000457763672,19.479999542236328,18.06999969482422,18.15999984741211,18.15999984741211,7696000
18.010000228881836,18.274999618530273,16.889999389648438,17.350000381469727,17.350000381469727,10271400
17.3700008392334,17.799999237060547,16.860000610351562,16.889999389648438,16.889999389648438,8711900
16.719999313354492,16.770000457763672,15.520000457763672,15.779999732971191,15.779999732971191,15195200
15.729999542236328,16.420000076293945,15.65999984741211,16.209999084472656,16.209999084472656,8262900
16.299999237060547,16.690000534057617,15.90999984741211,15.989999771118164,15.989999771118164,7247200
16.100000381469727,16.138999938964844,14.789999961853027,14.789999961853027,14.789999961853027,13741800
14.649999618530273,15.0600004196167,14.154999732971191,14.6899995803833,14.6899995803833,10863000
14.319999694824219,14.960000038146973,14.090999603271484,14.300000190734863,14.300000190734863,9404400
14.210000038146973,14.680000305175781,13.920000076293945,14.239999771118164,14.239999771118164,9300300
14.390000343322754,15.229999542236328,14.100000381469727,14.130000114440918,14.130000114440918,8485900
14.0,14.23900032043457,13.118000030517578,13.220000267028809,13.220000267028809,10409400
12.170000076293945,12.949999809265137,11.211000442504883,12.9399995803833,12.9399995803833,17214500
12.789999961853027,13.140000343322754,12.25,12.5,12.5,8513800
12.85099983215332,13.539999961853027,12.449999809265137,12.59000015258789,12.59000015258789,9456900
12.930000305175781,12.979999542236328,11.369999885559082,11.449999809265137,11.449999809265137,13925500
11.880000114440918,12.65999984741211,11.489999771118164,12.649999618530273,12.649999618530273,11765400
12.819999694824219,14.0,12.720000267028809,13.850000381469727,13.850000381469727,12068900
14.0,14.350000381469727,13.489999771118164,14.239999771118164,14.239999771118164,8628300
14.34000015258789,14.5,13.260000228881836,13.460000038146973,13.460000038146973,7878800
13.0,13.319999694824219,12.5600004196167,12.59000015258789,12.59000015258789,10570000
12.725000381469727,13.354999542236328,12.470000267028809,13.260000228881836,13.260000228881836,7502900
13.270000457763672,13.640000343322754,12.619999885559082,12.699999809265137,12.699999809265137,8970200
12.569999694824219,13.149999618530273,12.399999618530273,13.0,13.0,12282500
13.170000076293945,13.854999542236328,13.130000114440918,13.819999694824219,13.819999694824219,7747000
13.550000190734863,14.880000114440918,13.411999702453613,13.920000076293945,13.920000076293945,14366300
14.029999732971191,14.569999694824219,13.390000343322754,13.5,13.5,12460000
13.15999984741211,14.100000381469727,13.0600004196167,13.380000114440918,13.380000114440918,7024400
13.829999923706055,15.345000267028809,13.789999961853027,15.260000228881836,15.260000228881836,11618700
14.979999542236328,15.520000457763672,14.710000038146973,15.319999694824219,15.319999694824219,8002400
15.100000381469727,15.329999923706055,14.390000343322754,14.449999809265137,14.449999809265137,9043400
14.529999732971191,14.5600004196167,13.609999656677246,13.8100004196167,13.8100004196167,7063200
13.289999961853027,13.869999885559082,12.8100004196167,12.970000267028809,12.970000267028809,8495600
13.180000305175781,13.451000213623047,12.34000015258789,12.380000114440918,12.380000114440918,7617400
11.569999694824219,13.6899995803833,11.5,13.640000343322754,13.640000343322754,11686300
13.319999694824219,13.75,13.039999961853027,13.710000038146973,13.710000038146973,6511200
14.010000228881836,14.675000190734863,13.569999694824219,14.520000457763672,14.520000457763672,9156100
14.550000190734863,14.65999984741211,13.989999771118164,14.289999961853027,14.289999961853027,7023500
14.359999656677246,14.430000305175781,13.739999771118164,14.069999694824219,14.069999694824219,10042300
15.229999542236328,15.4399995803833,14.300000190734863,15.010000228881836,15.010000228881836,21017600
15.3100004196167,15.3100004196167,14.111000061035156,14.399999618530273,14.399999618530273,11608200
14.760000228881836,16.39900016784668,14.630000114440918,15.729999542236328,15.729999542236328,16864200
15.529999732971191,17.1299991607666,15.270999908447266,16.56999969482422,16.56999969482422,15022300
16.780000686645508,17.56999969482422,16.6200008392334,17.469999313354492,17.469999313354492,13751900
17.3700008392334,17.479999542236328,16.610000610351562,17.219999313354492,17.219999313354492,7083500
17.25,17.3799991607666,16.25,16.559999465942383,16.559999465942383,7507000
16.440000534057617,16.440000534057617,14.9399995803833,14.949999809265137,14.949999809265137,8013100
14.770000457763672,15.524999618530273,14.329999923706055,15.5,15.5,8514300
15.6899995803833,17.1299991607666,15.5,17.110000610351562,17.110000610351562,11453100
16.969999313354492,18.040000915527344,16.520000457763672,18.010000228881836,18.010000228881836,9517500
17.899999618530273,18.520000457763672,17.719999313354492,18.440000534057617,18.440000534057617,9798000
18.260000228881836,18.959999084472656,17.920000076293945,18.1299991607666,18.1299991607666,7400200
17.920000076293945,18.59000015258789,17.700000762939453,18.440000534057617,18.440000534057617,6340100
18.299999237060547,18.989999771118164,18.045000076293945,18.479999542236328,18.479999542236328,6742000
18.399999618530273,18.945999145507812,18.200000762939453,18.75,18.75,4789800
18.59000015258789,19.141000747680664,18.139999389648438,18.469999313354492,18.469999313354492,5977900
19.1200008392334,19.1299991607666,18.200000762939453,18.670000076293945,18.670000076293945,5001700
18.90999984741211,19.809999465942383,18.68000030517578,19.65999984741211,19.65999984741211,7320000
19.520000457763672,20.020000457763672,19.079999923706055,19.3700008392334,19.3700008392334,6264100
19.5,20.110000610351562,19.040000915527344,19.8799991607666,19.8799991607666,9921800
19.8799991607666,20.1299991607666,19.361000061035156,19.700000762939453,19.700000762939453,4853800
20.229999542236328,20.989999771118164,19.968000411987305,20.540000915527344,20.540000915527344,6935200
20.360000610351562,20.940000534057617,19.450000762939453,19.489999771118164,19.489999771118164,9272100
18.959999084472656,19.100000381469727,17.135000228881836,17.739999771118164,17.739999771118164,13119100
17.8799991607666,18.239999771118164,17.139999389648438,17.799999237060547,17.799999237060547,7293000
17.690000534057617,17.690000534057617,16.7450008392334,16.760000228881836,16.760000228881836,7327700
16.3799991607666,16.850000381469727,15.923999786376953,16.510000228881836,16.510000228881836,6673200
16.850000381469727,17.209999084472656,15.970000267028809,16.09000015258789,16.09000015258789,8559700
16.049999237060547,16.68000030517578,15.890000343322754,16.65999984741211,16.65999984741211,4561800
16.690000534057617,16.761999130249023,15.1899995803833,15.25,15.25,9594100
15.25,15.600000381469727,14.899999618530273,15.260000228881836,15.260000228881836,10767500
15.25,16.3799991607666,14.994999885559082,16.3700008392334,16.3700008392334,9524200
16.299999237060547,16.594999313354492,15.420000076293945,15.430000305175781,15.430000305175781,6047400
15.859999656677246,16.239999771118164,14.5,14.619999885559082,14.619999885559082,9147200
14.619999885559082,15.15999984741211,14.319999694824219,14.430000305175781,14.430000305175781,8611300
14.149999618530273,14.960000038146973,14.100000381469727,14.9399995803833,14.9399995803833,6323000
14.84000015258789,14.970000267028809,13.8100004196167,13.869999885559082,13.869999885559082,8901000
13.789999961853027,14.239999771118164,13.239999771118164,13.270000457763672,13.270000457763672,7934800
13.369999885559082,13.640000343322754,12.579999923706055,13.479999542236328,13.479999542236328,8212600
13.550000190734863,13.994000434875488,12.930000305175781,12.9399995803833,12.9399995803833,7692000
12.760000228881836,13.260000228881836,12.539999961853027,13.229999542236328,13.229999542236328,9908700
13.050000190734863,13.569000244140625,12.829999923706055,13.479999542236328,13.479999542236328,6902100
13.489999771118164,14.319999694824219,12.960000038146973,14.220000267028809,14.220000267028809,7158500
14.069999694824219,14.119999885559082,12.9350004196167,13.180000305175781,13.180000305175781,7892700
13.079999923706055,13.109999656677246,11.859999656677246,12.020000457763672,12.020000457763672,9197500
11.760000228881836,11.774999618530273,10.350000381469727,10.649999618530273,10.649999618530273,13143700
11.039999961853027,11.369999885559082,9.75,10.270000457763672,10.270000457763672,15789600
10.079999923706055,10.25,8.800000190734863,8.949999809265137,8.949999809265137,18476300
8.770000457763672,10.199000358581543,8.5,9.619999885559082,9.619999885559082,15698500
10.0,10.649999618530273,9.880000114440918,10.390000343322754,10.390000343322754,11586900
10.319999694824219,10.640000343322754,9.875,9.9399995803833,9.9399995803833,9716700
10.239999771118164,10.75,9.949999809265137,10.729999542236328,10.729999542236328,9583600
10.680000305175781,11.079999923706055,10.220000267028809,10.380000114440918,10.380000114440918,7970100
10.220000267028809,11.279999732971191,10.140000343322754,10.989999771118164,10.989999771118164,7806000
11.149999618530273,11.289999961853027,10.300000190734863,11.020000457763672,11.020000457763672,10775900
10.920000076293945,11.3100004196167,10.539999961853027,11.300000190734863,11.300000190734863,8047400
11.010000228881836,11.180000305175781,10.289999961853027,10.40999984741211,10.40999984741211,7882900
10.329999923706055,10.829999923706055,10.210000038146973,10.789999961853027,10.789999961853027,7222100
10.649999618530273,11.899999618530273,10.579999923706055,11.8100004196167,11.8100004196167,7700400
11.859999656677246,13.489999771118164,11.850000381469727,13.449999809265137,13.449999809265137,16455200
13.739999771118164,13.869999885559082,12.75,12.789999961853027,12.789999961853027,16859500
12.65999984741211,13.0600004196167,12.15999984741211,12.449999809265137,12.449999809265137,11754400
12.399999618530273,14.140000343322754,12.310999870300293,13.899999618530273,13.899999618530273,19556400
13.449999809265137,14.96500015258789,13.34000015258789,14.569999694824219,14.569999694824219,19494300
14.920000076293945,15.369999885559082,14.5600004196167,14.970000267028809,14.970000267028809,12838300
14.6899995803833,15.729999542236328,14.529999732971191,15.550000190734863,15.550000190734863,9144800
15.5,16.15999984741211,15.3100004196167,15.489999771118164,15.489999771118164,11540200
15.40999984741211,16.149999618530273,15.039999961853027,15.40999984741211,15.40999984741211,11401700
14.979999542236328,15.40999984741211,14.3100004196167,14.390000343322754,14.390000343322754,10382800
13.619999885559082,13.850000381469727,12.020000457763672,12.079999923706055,12.079999923706055,16375900
12.300000190734863,12.779999732971191,11.850000381469727,12.510000228881836,12.510000228881836,8150500
12.430000305175781,13.604999542236328,12.199999809265137,13.359999656677246,13.359999656677246,11169600
12.729999542236328,13.180000305175781,12.319999694824219,12.550000190734863,12.550000190734863,9432700
12.920000076293945,14.25,12.829999923706055,14.029999732971191,14.029999732971191,13392300
14.319999694824219,15.069999694824219,14.234999656677246,14.430000305175781,14.430000305175781,8910200
13.614999771118164,14.777999877929688,13.270000457763672,14.25,14.25,7653800
14.399999618530273,15.5600004196167,14.079999923706055,15.550000190734863,15.550000190734863,11666000
15.75,15.829999923706055,15.024999618530273,15.460000038146973,15.460000038146973,13597400
15.739999771118164,15.895000457763672,15.149999618530273,15.390000343322754,15.390000343322754,8273600
15.350000381469727,15.970000267028809,14.359999656677246,14.399999618530273,14.399999618530273,8060700
14.199999809265137,14.229999542236328,13.520000457763672,13.859999656677246,13.859999656677246,7142500
13.720000267028809,14.140000343322754,13.260000228881836,13.6899995803833,13.6899995803833,6548600
13.800000190734863,14.020000457763672,12.6899995803833,12.6899995803833,12.6899995803833,11446500
12.4399995803833,12.760000228881836,11.680000305175781,12.699999809265137,12.699999809265137,10562100
12.739999771118164,13.229999542236328,12.270000457763672,12.449999809265137,12.449999809265137,8406800
12.539999961853027,14.085000038146973,12.510000228881836,13.75,13.75,11617200
13.380000114440918,14.210000038146973,13.260000228881836,13.380000114440918,13.380000114440918,13049800
13.25,13.274999618530273,11.930000305175781,11.9399995803833,11.9399995803833,11508000
12.09000015258789,12.199999809265137,11.630000114440918,11.970000267028809,11.970000267028809,7585000
11.529999732971191,12.09000015258789,11.289999961853027,11.930000305175781,11.930000305175781,9897300
11.520000457763672,11.6899995803833,11.119999885559082,11.34000015258789,11.34000015258789,8838400
11.5,11.59000015258789,10.970000267028809,11.569999694824219,11.569999694824219,8427900
12.0,12.875,11.890000343322754,12.430000305175781,12.430000305175781,10581100
12.510000228881836,12.84000015258789,12.329999923706055,12.640000343322754,12.640000343322754,5912600
12.739999771118164,14.350000381469727,12.65999984741211,14.329999923706055,14.329999923706055,13347800
14.199999809265137,14.944999694824219,14.130000114440918,14.739999771118164,14.739999771118164,9469600
14.699999809265137,14.84000015258789,13.739999771118164,13.850000381469727,13.850000381469727,7587000
13.819999694824219,13.819999694824219,13.220999717712402,13.319999694824219,13.319999694824219,4376700
13.170000076293945,13.199999809265137,12.65999984741211,12.75,12.75,4588700
13.199999809265137,13.25,12.6899995803833,13.140000343322754,13.140000343322754,5693200
14.529999732971191,15.739999771118164,14.390000343322754,15.300000190734863,15.300000190734863,19060700
14.979999542236328,15.538000106811523,14.8100004196167,15.109999656677246,15.109999656677246,11657200
15.100000381469727,15.100000381469727,14.472000122070312,14.739999771118164,14.739999771118164,7011900
14.279999732971191,15.4399995803833,14.15999984741211,15.40999984741211,15.40999984741211,7547900
15.5600004196167,15.989999771118164,15.260000228881836,15.960000038146973,15.960000038146973,6944100
16.0,16.187999725341797,15.555000305175781,15.880000114440918,15.880000114440918,5662500
15.699999809265137,16.190000534057617,15.420000076293945,16.059999465942383,16.059999465942383,6885500
16.850000381469727,17.259000778198242,15.970000267028809,16.0,16.0,12495100
15.649999618530273,15.925000190734863,15.319999694824219,15.729999542236328,15.729999542236328,5890400
16.469999313354492,16.639999389648438,15.869999885559082,16.440000534057617,16.440000534057617,7543900
16.670000076293945,17.1200008392334,16.020000457763672,16.690000534057617,16.690000534057617,14909000
16.969999313354492,19.110000610351562,16.6299991607666,18.8700008392334,18.8700008392334,21314700
18.709999084472656,19.26799964904785,18.020000457763672,18.6299991607666,18.6299991607666,9719000
18.559999465942383,18.790000915527344,17.83099937438965,18.100000381469727,18.100000381469727,8143700
17.690000534057617,17.940000534057617,16.860000610351562,16.8799991607666,16.8799991607666,7834900
17.030000686645508,17.209999084472656,16.479999542236328,16.540000915527344,16.540000915527344,6206700
16.049999237060547,16.066999435424805,14.869999885559082,15.029999732971191,15.029999732971191,9605200
14.539999961853027,14.649999618530273,14.055000305175781,14.119999885559082,14.119999885559082,6321600
14.3100004196167,14.635000228881836,14.039999961853027,14.199999809265137,14.199999809265137,6933500
14.369999885559082,15.765000343322754,14.300000190734863,15.1899995803833,15.1899995803833,10943600
15.59000015258789,15.739999771118164,15.010000228881836,15.6899995803833,15.6899995803833,7041000
15.84000015258789,16.01799964904785,14.970000267028809,15.279999732971191,15.279999732971191,7045100
14.930000305175781,15.520000457763672,14.83899974822998,15.039999961853027,15.039999961853027,5247500
15.390000343322754,15.680000305175781,14.3100004196167,14.489999771118164,14.489999771118164,13052000
15.020000457763672,16.940000534057617,15.020000457763672,16.270000457763672,16.270000457763672,28151200
15.949999809265137,16.5,14.520000457763672,15.3100004196167,15.3100004196167,16446600
15.609999656677246,15.654999732971191,14.324999809265137,14.5,14.5,12540800
14.550000190734863,15.25,14.220000267028809,14.75,14.75,12066500
14.90999984741211,16.290000915527344,14.760000228881836,16.079999923706055,16.079999923706055,14298100
15.729999542236328,17.260000228881836,15.670000076293945,17.25,17.25,12599700
17.3700008392334,17.780000686645508,17.165000915527344,17.68000030517578,17.68000030517578,10493300
17.81999969482422,18.299999237060547,17.309999465942383,18.280000686645508,18.280000686645508,8842000
16.8799991607666,18.110000610351562,16.6299991607666,17.540000915527344,17.540000915527344,10091500
17.709999084472656,18.190000534057617,17.149999618530273,18.18000030517578,18.18000030517578,10303400
18.34000015258789,19.920000076293945,18.020000457763672,19.25,19.25,25022000
18.479999542236328,18.81800079345703,17.951000213623047,17.969999313354492,17.969999313354492,19202500
17.59000015258789,18.25,17.469999313354492,17.75,17.75,7786900
17.559999465942383,17.670000076293945,16.389999389648438,16.440000534057617,16.440000534057617,8800600
16.06999969482422,17.09000015258789,15.699999809265137,16.209999084472656,16.209999084472656,9359500
16.1299991607666,16.299999237060547,15.020000457763672,15.34000015258789,15.34000015258789,9676700
14.970000267028809,15.25,14.350000381469727,14.75,14.75,9342300
14.6899995803833,15.34000015258789,14.4399995803833,14.510000228881836,14.510000228881836,6564700
14.869999885559082,15.736000061035156,14.869999885559082,15.220000267028809,15.220000267028809,10120500
15.15999984741211,15.930000305175781,15.020000457763672,15.829999923706055,15.829999923706055,8567200
15.510000228881836,15.859999656677246,14.380000114440918,14.930000305175781,14.930000305175781,8244900
14.789999961853027,15.460000038146973,14.545000076293945,14.760000228881836,14.760000228881836,6522400
14.960000038146973,15.270000457763672,14.369999885559082,15.050000190734863,15.050000190734863,7126100
15.75,16.600000381469727,15.630999565124512,16.309999465942383,16.309999465942383,9529800
15.90999984741211,16.1200008392334,15.069999694824219,15.640000343322754,15.640000343322754,7777900
15.569999694824219,16.309999465942383,15.336000442504883,15.609999656677246,15.609999656677246,7074700
15.15999984741211,15.239999771118164,14.130000114440918,14.430000305175781,14.430000305175781,8941100
14.4399995803833,14.449999809265137,13.5,13.760000228881836,13.760000228881836,8701600
13.539999961853027,13.918999671936035,12.949999809265137,13.710000038146973,13.710000038146973,7567000
13.789999961853027,13.869999885559082,13.079999923706055,13.390000343322754,13.390000343322754,6036600
12.859999656677246,13.654999732971191,12.449999809265137,13.5,13.5,7989900
13.609999656677246,13.949999809265137,12.545000076293945,12.59000015258789,12.59000015258789,8294800
13.130000114440918,13.437999725341797,12.920000076293945,13.069999694824219,13.069999694824219,6754900
13.529999732971191,13.795000076293945,13.3100004196167,13.680000305175781,13.680000305175781,7312300
13.380000114440918,13.401000022888184,12.75,12.989999771118164,12.989999771118164,7928500
12.850000381469727,13.244999885559082,12.265000343322754,12.359999656677246,12.359999656677246,8317800
12.300000190734863,12.699999809265137,11.960000038146973,12.649999618530273,12.649999618530273,7209300
12.680000305175781,12.720000267028809,11.779999732971191,12.420000076293945,12.420000076293945,7451200
12.5,13.539999961853027,12.460000038146973,13.34000015258789,13.34000015258789,8307200
13.350000381469727,14.229999542236328,13.225000381469727,13.710000038146973,13.710000038146973,8165700
13.859999656677246,13.989999771118164,13.42300033569336,13.65999984741211,13.65999984741211,5658800
13.609999656677246,13.819999694824219,13.060999870300293,13.520000457763672,13.520000457763672,4855400
13.5600004196167,14.085000038146973,13.390000343322754,13.979999542236328,13.979999542236328,5470600
14.430000305175781,14.619999885559082,13.899999618530273,14.100000381469727,14.100000381469727,5396000
14.100000381469727,14.1899995803833,12.96500015258789,13.050000190734863,13.050000190734863,6989000
12.90999984741211,13.472999572753906,12.625,13.039999961853027,13.039999961853027,5229000
13.300000190734863,13.489999771118164,12.199999809265137,12.5600004196167,12.5600004196167,7748200
12.765000343322754,12.859999656677246,11.359999656677246,11.930000305175781,11.930000305175781,12173300
12.100000381469727,12.42300033569336,11.579999923706055,12.1899995803833,12.1899995803833,7041300
12.029999732971191,12.199999809265137,11.154999732971191,11.229999542236328,11.229999542236328,8605100
12.029999732971191,12.84000015258789,11.979999542236328,12.5,12.5,10533900
12.59000015258789,13.614999771118164,12.350000381469727,13.380000114440918,13.380000114440918,9656800
13.3100004196167,13.449999809265137,12.420000076293945,13.300000190734863,13.300000190734863,8161100
13.949999809265137,14.149999618530273,13.5,13.680000305175781,13.680000305175781,8176400
13.390000343322754,13.40999984741211,12.574999809265137,12.880000114440918,12.880000114440918,7818800
12.600000381469727,12.6899995803833,12.220000267028809,12.59000015258789,12.59000015258789,6061500
12.850000381469727,12.930000305175781,12.180000305175781,12.449999809265137,12.449999809265137,5607000
12.300000190734863,12.319999694824219,11.529999732971191,11.710000038146973,11.710000038146973,7667000
11.739999771118164,11.944999694824219,11.279999732971191,11.489999771118164,11.489999771118164,11963800
11.609999656677246,12.069999694824219,11.539999961853027,11.970000267028809,11.970000267028809,5334800
11.979999542236328,12.069999694824219,11.744999885559082,11.989999771118164,11.989999771118164,3362200
11.789999961853027,11.979999542236328,11.329999923706055,11.4399995803833,11.4399995803833,6926000
11.569999694824219,11.859999656677246,11.430000305175781,11.529999732971191,11.529999732971191,7422600
11.710000038146973,12.4399995803833,11.5600004196167,12.420000076293945,12.420000076293945,9270100
12.399999618530273,12.59000015258789,11.779999732971191,12.1899995803833,12.1899995803833,19031900
11.739999771118164,12.029999732971191,11.319999694824219,11.640000343322754,11.640000343322754,19613700
11.59000015258789,12.149999618530273,11.390000343322754,11.470000267028809,11.470000267028809,13690800
11.5600004196167,11.588000297546387,10.75,10.890000343322754,10.890000343322754,11300900
10.819999694824219,11.270000457763672,10.630000114440918,10.760000228881836,10.760000228881836,8340700
10.920000076293945,11.3100004196167,10.59000015258789,11.0,11.0,7260900
11.0,11.178000450134277,10.600000381469727,10.649999618530273,10.649999618530273,6073700
10.65999984741211,11.399999618530273,10.510000228881836,10.989999771118164,10.989999771118164,9426200
11.670000076293945,12.04699993133545,11.050000190734863,11.380000114440918,11.380000114440918,11588400
11.319999694824219,11.699999809265137,11.170000076293945,11.260000228881836,11.260000228881836,9180500
10.880000114440918,11.055000305175781,10.550000190734863,10.649999618530273,10.649999618530273,10743500
10.600000381469727,10.829999923706055,10.260000228881836,10.449999809265137,10.449999809265137,12182600
10.449999809265137,10.489999771118164,9.40999984741211,9.65999984741211,9.65999984741211,16040400
9.640000343322754,9.979999542236328,9.460000038146973,9.520000457763672,9.520000457763672,7256400
9.550000190734863,9.819999694824219,9.380000114440918,9.569999694824219,9.569999694824219,7317300
9.359999656677246,9.40999984741211,8.520000457763672,8.899999618530273,8.899999618530273,12587700
8.819999694824219,8.9399995803833,8.460000038146973,8.550000190734863,8.550000190734863,9163400
8.5600004196167,8.5600004196167,8.069999694824219,8.25,8.25,11940300
8.300000190734863,8.5,8.199999809265137,8.3100004196167,8.3100004196167,9336200
8.4399995803833,9.095000267028809,8.369999885559082,9.039999961853027,9.039999961853027,9144000
8.979999542236328,9.640000343322754,8.90999984741211,9.529999732971191,9.529999732971191,9590400
9.65999984741211,9.869999885559082,9.0,9.09000015258789,9.09000015258789,9629600
9.149999618530273,9.260000228881836,8.8100004196167,9.100000381469727,9.100000381469727,8827400
8.960000038146973,9.170000076293945,8.720000267028809,8.920000076293945,8.920000076293945,9364700
8.949999809265137,9.104999542236328,8.710000038146973,9.010000228881836,9.010000228881836,8693100
9.180000305175781,10.369999885559082,9.180000305175781,9.90999984741211,9.90999984741211,14987200
9.8100004196167,10.119999885559082,9.53499984741211,10.079999923706055,10.079999923706055,12687500
10.109999656677246,11.027999877929688,9.989999771118164,10.890000343322754,10.890000343322754,14849600
11.039999961853027,11.40999984741211,10.475000381469727,11.369999885559082,11.369999885559082,12937200
11.119999885559082,11.899999618530273,11.050000190734863,11.880000114440918,11.880000114440918,9189900
11.890000343322754,12.220000267028809,11.670000076293945,12.0600004196167,12.0600004196167,9801800
12.25,12.779999732971191,11.850000381469727,11.930000305175781,11.930000305175781,13199900
11.579999923706055,11.682000160217285,10.529999732971191,10.65999984741211,10.65999984741211,14102000
10.75,11.100000381469727,10.609999656677246,11.09000015258789,11.09000015258789,6573900
11.15999984741211,11.90999984741211,10.949999809265137,11.869999885559082,11.869999885559082,10054600
11.800000190734863,11.979999542236328,11.34000015258789,11.420000076293945,11.420000076293945,5232800
11.010000228881836,11.559000015258789,10.550000190734863,11.40999984741211,11.40999984741211,7740200
11.859999656677246,11.989999771118164,10.899999618530273,11.300000190734863,11.300000190734863,9069100
11.220000267028809,12.479999542236328,11.109999656677246,12.15999984741211,12.15999984741211,16063100
11.949999809265137,12.3100004196167,11.625,11.699999809265137,11.699999809265137,9837700
11.760000228881836,12.170000076293945,11.574999809265137,12.140000343322754,12.140000343322754,7279200
12.25,12.760000228881836,11.675000190734863,12.460000038146973,12.460000038146973,9941000
12.850000381469727,13.649999618530273,12.699999809265137,12.970000267028809,12.970000267028809,13745300
12.470000267028809,13.5,12.319999694824219,12.489999771118164,12.489999771118164,10230200
12.239999771118164,12.680000305175781,12.119999885559082,12.369999885559082,12.369999885559082,6055700
12.359999656677246,12.555000305175781,11.755000114440918,12.4399995803833,12.4399995803833,8309100
12.390000343322754,13.0649995803833,12.15999984741211,12.180000305175781,12.180000305175781,8045900
12.399999618530273,12.845999717712402,11.75,11.859999656677246,11.859999656677246,9437500
11.649999618530273,11.789999961853027,11.03499984741211,11.260000228881836,11.260000228881836,11332000
11.300000190734863,11.640000343322754,10.979999542236328,11.460000038146973,11.460000038146973,4889000
11.350000381469727,12.170000076293945,11.104999542236328,12.15999984741211,12.15999984741211,8209100
12.1899995803833,13.479999542236328,12.145000457763672,13.380000114440918,13.380000114440918,11865100
12.989999771118164,13.479999542236328,12.619999885559082,12.630000114440918,12.630000114440918,9136000
12.470000267028809,12.479999542236328,12.039999961853027,12.220000267028809,12.220000267028809,8574600
11.960000038146973,12.149999618530273,11.350000381469727,11.380000114440918,11.380000114440918,6947700
11.40999984741211,11.730999946594238,11.140000343322754,11.329999923706055,11.329999923706055,5510900
11.609999656677246,11.78499984741211,10.975000381469727,11.420000076293945,11.420000076293945,7332000
11.100000381469727,11.180000305175781,10.319999694824219,10.449999809265137,10.449999809265137,12511300
10.680000305175781,11.020000457763672,10.470000267028809,10.84000015258789,10.84000015258789,7549900
10.800000190734863,11.619999885559082,10.670000076293945,11.359999656677246,11.359999656677246,8769600
11.420000076293945,11.581999778747559,10.960000038146973,11.079999923706055,11.079999923706055,7788300
10.800000190734863,11.364999771118164,10.550000190734863,11.260000228881836,11.260000228881836,11643300
9.960000038146973,11.4399995803833,9.899999618530273,11.079999923706055,11.079999923706055,23094500
11.3100004196167,11.375,10.585000038146973,10.739999771118164,10.739999771118164,10060600
10.6899995803833,10.75,10.262999534606934,10.270000457763672,10.270000457763672,7533400
10.239999771118164,10.539999961853027,9.9399995803833,10.460000038146973,10.460000038146973,7229500
10.449999809265137,10.720000267028809,10.039999961853027,10.1899995803833,10.1899995803833,6240600
10.15999984741211,10.175000190734863,9.4399995803833,9.670000076293945,9.670000076293945,14041900
9.5,10.175000190734863,9.170000076293945,9.789999961853027,9.789999961853027,9153400
10.050000190734863,10.194999694824219,9.305000305175781,9.4399995803833,9.4399995803833,11189700
9.239999771118164,9.489999771118164,8.970000267028809,9.260000228881836,9.260000228881836,7236400
9.260000228881836,9.510000228881836,9.09000015258789,9.34000015258789,9.34000015258789,6109300
9.220000267028809,9.420000076293945,8.960000038146973,9.34000015258789,9.34000015258789,7932900
9.270000457763672,9.5,9.109999656677246,9.260000228881836,9.260000228881836,5540600
9.329999923706055,9.960000038146973,9.329999923706055,9.859999656677246,9.859999656677246,8890200
9.800000190734863,10.199999809265137,9.670000076293945,9.84000015258789,9.84000015258789,8571000
10.0,10.649999618530273,9.890000343322754,10.0600004196167,10.0600004196167,7642300
9.949999809265137,10.086000442504883,9.680000305175781,9.829999923706055,9.829999923706055,5177300
10.0,10.029999732971191,9.4399995803833,9.720000267028809,9.720000267028809,5039800
9.640000343322754,9.760000228881836,9.399999618530273,9.460000038146973,9.460000038146973,4297300
9.65999984741211,10.09000015258789,9.460000038146973,10.029999732971191,10.029999732971191,6647100
10.3100004196167,10.529999732971191,10.069999694824219,10.149999618530273,10.149999618530273,7960700
10.319999694824219,10.710000038146973,10.199999809265137,10.470000267028809,10.470000267028809,9130800
10.359999656677246,10.600000381469727,10.074999809265137,10.3100004196167,10.3100004196167,4271500
10.404999732971191,10.510000228881836,9.899999618530273,10.020000457763672,10.020000457763672,5873200
9.90999984741211,10.005000114440918,9.199999809265137,9.34000015258789,9.34000015258789,11505900
9.25,9.359999656677246,9.0649995803833,9.1899995803833,9.1899995803833,8592600
9.100000381469727,9.369999885559082,9.010000228881836,9.350000381469727,9.350000381469727,8562600
9.399999618530273,9.569999694824219,9.229999542236328,9.260000228881836,9.260000228881836,7940100
9.510000228881836,9.619999885559082,8.75,8.779999732971191,8.779999732971191,14824200
8.880000114440918,8.980999946594238,8.510000228881836,8.550000190734863,8.550000190734863,14623900
8.510000228881836,8.880000114440918,8.40999984741211,8.720000267028809,8.720000267028809,13403900
8.75,9.210000038146973,8.649999618530273,9.180000305175781,9.180000305175781,9960600
9.170000076293945,9.220000267028809,8.930000305175781,9.050000190734863,9.050000190734863,7805500
8.960000038146973,9.119999885559082,8.6899995803833,9.050000190734863,9.050000190734863,8525000
8.819999694824219,9.04800033569336,8.779999732971191,8.859999656677246,8.859999656677246,5284400
8.819999694824219,9.03499984741211,8.720000267028809,8.84000015258789,8.84000015258789,8825100
8.829999923706055,8.96500015258789,8.65999984741211,8.84000015258789,8.84000015258789,4470000
8.720000267028809,8.75,8.470000267028809,8.600000381469727,8.600000381469727,8743000
8.649999618530273,8.710000038146973,8.430000305175781,8.539999961853027,8.539999961853027,6208200
8.65999984741211,9.020000457763672,8.59000015258789,8.90999984741211,8.90999984741211,6106200
8.819999694824219,9.0,8.609999656677246,8.670000076293945,8.670000076293945,9426600
8.699999809265137,8.699999809265137,8.210000038146973,8.460000038146973,8.460000038146973,8383400
8.380000114440918,8.460000038146973,8.100000381469727,8.239999771118164,8.239999771118164,8513500
8.199999809265137,8.770000457763672,8.119999885559082,8.5600004196167,8.5600004196167,8632100
8.5600004196167,8.729999542236328,8.479999542236328,8.710000038146973,8.710000038146973,5660900
8.84000015258789,9.0,8.760000228881836,8.770000457763672,8.770000457763672,5040700
8.829999923706055,9.170000076293945,8.619999885559082,9.0600004196167,9.0600004196167,7267300
8.850000381469727,9.03499984741211,8.664999961853027,9.010000228881836,9.010000228881836,5836400
9.1899995803833,9.204999923706055,8.725000381469727,8.770000457763672,8.770000457763672,5413400
8.779999732971191,8.8149995803833,8.579999923706055,8.579999923706055,8.579999923706055,4053500
8.630000114440918,8.875,8.15999984741211,8.229999542236328,8.229999542236328,8047300
8.210000038146973,8.739999771118164,8.1899995803833,8.630000114440918,8.630000114440918,6495600
8.5,8.5600004196167,8.0,8.010000228881836,8.010000228881836,10138300
8.0600004196167,8.34000015258789,7.900000095367432,8.329999923706055,8.329999923706055,8946400
8.3100004196167,8.329999923706055,8.010000228881836,8.180000305175781,8.180000305175781,7383500
8.1899995803833,8.260000228881836,7.820000171661377,7.929999828338623,7.929999828338623,9540000
7.960000038146973,8.414999961853027,7.840000152587891,8.3100004196167,8.3100004196167,8518600
8.289999961853027,8.770000457763672,8.199999809265137,8.489999771118164,8.489999771118164,7843400
8.399999618530273,8.399999618530273,8.119999885559082,8.359999656677246,8.359999656677246,4566800
8.449999809265137,8.510000228881836,8.140000343322754,8.319999694824219,8.319999694824219,4962400
8.350000381469727,8.520000457763672,8.050000190734863,8.489999771118164,8.489999771118164,7820700
9.25,9.859999656677246,8.9399995803833,9.6899995803833,9.6899995803833,23615600
9.520000457763672,9.880000114440918,9.305000305175781,9.670000076293945,9.670000076293945,13211000
9.8100004196167,9.970000267028809,9.34000015258789,9.75,9.75,14613400
9.670000076293945,9.989999771118164,9.069999694824219,9.069999694824219,9.069999694824219,18915600
9.079999923706055,9.079999923706055,8.65999984741211,8.75,8.75,9980100
8.720000267028809,9.59000015258789,8.65999984741211,9.470000267028809,9.470000267028809,12748800
9.6899995803833,10.050000190734863,9.5600004196167,9.779999732971191,9.779999732971191,13496200
9.829999923706055,10.100000381469727,9.510000228881836,9.609999656677246,9.609999656677246,8624500
8.869999885559082,9.0600004196167,8.300000190734863,8.34000015258789,8.34000015258789,33808800
8.390000343322754,8.979999542236328,7.900000095367432,8.899999618530273,8.899999618530273,26161000
8.960000038146973,9.8100004196167,8.930000305175781,9.619999885559082,9.619999885559082,19590400
9.710000038146973,9.779999732971191,8.920000076293945,9.050000190734863,9.050000190734863,13312800
8.90999984741211,9.260000228881836,8.770000457763672,9.050000190734863,9.050000190734863,10051800
9.149999618530273,9.15999984741211,8.649999618530273,8.880000114440918,8.880000114440918,13307000
8.6899995803833,8.800000190734863,8.130000114440918,8.199999809265137,8.199999809265137,17452200
8.109999656677246,8.170000076293945,7.840000152587891,7.989999771118164,7.989999771118164,19122200
7.889999866485596,7.940000057220459,7.579999923706055,7.599999904632568,7.599999904632568,14701100
7.489999771118164,7.539999961853027,7.21999979019165,7.360000133514404,7.360000133514404,15646900
7.349999904632568,7.610000133514404,7.329999923706055,7.420000076293945,7.420000076293945,6046700
7.630000114440918,7.880000114440918,7.389999866485596,7.869999885559082,7.869999885559082,10948400
7.829999923706055,8.369999885559082,7.760000228881836,8.359999656677246,8.359999656677246,14331800
8.399999618530273,8.850000381469727,8.300000190734863,8.6899995803833,8.6899995803833,14422800
8.800000190734863,8.84000015258789,8.625,8.789999961853027,8.789999961853027,9026300
8.9399995803833,9.199999809265137,8.670000076293945,8.699999809265137,8.699999809265137,7910400
8.59000015258789,9.069999694824219,8.479999542236328,8.850000381469727,8.850000381469727,9051800
8.640000343322754,8.720000267028809,8.09000015258789,8.65999984741211,8.65999984741211,13062700
8.699999809265137,8.920000076293945,8.609999656677246,8.670000076293945,8.670000076293945,10927800
8.630000114440918,9.079999923706055,8.510000228881836,9.020000457763672,9.020000457763672,8802900
9.130000114440918,9.130000114440918,8.779999732971191,8.930000305175781,8.930000305175781,9494500
9.119999885559082,9.229999542236328,8.880000114440918,8.989999771118164,8.989999771118164,11535800
9.050000190734863,9.199999809265137,8.789999961853027,8.850000381469727,8.850000381469727,12892300
8.859999656677246,9.020000457763672,8.25,8.260000228881836,8.260000228881836,11844300
8.260000228881836,8.788999557495117,8.130000114440918,8.65999984741211,8.65999984741211,10358300
8.529999732971191,8.850000381469727,8.52299976348877,8.550000190734863,8.550000190734863,8227300
8.670000076293945,9.039999961853027,8.600000381469727,8.6899995803833,8.6899995803833,13248800
8.640000343322754,8.640000343322754,8.229999542236328,8.260000228881836,8.260000228881836,12373400
8.34000015258789,8.399999618530273,8.0649995803833,8.329999923706055,8.329999923706055,10786800
8.34000015258789,8.4399995803833,8.199999809265137,8.34000015258789,8.34000015258789,6019200
8.359999656677246,8.430000305175781,8.109999656677246,8.119999885559082,8.119999885559082,7110900
8.130000114440918,8.550000190734863,8.100000381469727,8.220000267028809,8.220000267028809,10605000
8.369999885559082,8.449999809265137,7.900000095367432,7.929999828338623,7.929999828338623,11697200
8.079999923706055,8.279999732971191,8.0,8.229999542236328,8.229999542236328,11060700
8.300000190734863,8.680000305175781,8.270000457763672,8.65999984741211,8.65999984741211,9489700
8.539999961853027,8.579000473022461,8.319999694824219,8.399999618530273,8.399999618530273,5093200
8.199999809265137,8.220000267028809,7.849999904632568,8.119999885559082,8.119999885559082,11689700
8.069999694824219,8.260000228881836,8.0600004196167,8.109999656677246,8.109999656677246,5768800
8.199999809265137,8.234999656677246,7.989999771118164,8.050000190734863,8.050000190734863,6034800
8.010000228881836,8.050000190734863,7.71999979019165,8.010000228881836,8.010000228881836,6554200
7.869999885559082,8.029999732971191,7.730000019073486,7.989999771118164,7.989999771118164,7931600
8.020000457763672,8.130000114440918,7.840000152587891,7.96999979019165,7.96999979019165,5904700
7.980000019073486,8.100000381469727,7.739999771118164,7.809999942779541,7.809999942779541,7806500
7.739999771118164,7.849999904632568,7.639999866485596,7.809999942779541,7.809999942779541,6060300
7.710000038146973,7.889999866485596,7.550000190734863,7.809999942779541,7.809999942779541,5534900
7.690000057220459,7.769999980926514,7.539999961853027,7.590000152587891,7.590000152587891,5270600
7.519999980926514,7.539999961853027,7.210000038146973,7.289999961853027,7.289999961853027,9681600
7.369999885559082,7.420000076293945,7.179999828338623,7.199999809265137,7.199999809265137,5290100
7.03000020980835,7.309999942779541,6.940000057220459,7.059999942779541,7.059999942779541,6574600
7.059999942779541,7.184999942779541,6.920000076293945,6.96999979019165,6.96999979019165,7087600
7.059999942779541,7.230000019073486,6.909999847412109,7.019999980926514,7.019999980926514,6317100
6.96999979019165,7.150000095367432,6.900000095367432,7.070000171661377,7.070000171661377,4662900
7.099999904632568,7.130000114440918,6.789999961853027,6.789999961853027,6.789999961853027,6945100
6.800000190734863,6.889999866485596,6.650000095367432,6.829999923706055,6.829999923706055,5447500
6.900000095367432,7.010000228881836,6.829999923706055,6.929999828338623,6.929999828338623,4261500
6.869999885559082,7.300000190734863,6.829999923706055,7.239999771118164,7.239999771118164,7235900
7.28000020980835,7.440000057220459,7.190000057220459,7.320000171661377,7.320000171661377,5910400
7.360000133514404,7.460000038146973,7.125,7.159999847412109,7.159999847412109,6175500
7.230000019073486,7.539999961853027,7.230000019073486,7.440000057220459,7.440000057220459,6216700
7.400000095367432,7.570000171661377,7.210000038146973,7.260000228881836,7.260000228881836,8501900
7.239999771118164,7.40500020980835,7.039999961853027,7.059999942779541,7.059999942779541,11371700
5.925000190734863,6.289999961853027,4.960000038146973,6.289999961853027,6.289999961853027,44928000
6.329999923706055,6.329999923706055,5.670000076293945,5.71999979019165,5.71999979019165,21440600
5.769999980926514,5.840000152587891,5.460000038146973,5.75,5.75,14033200
5.690000057220459,5.889999866485596,5.590000152587891,5.670000076293945,5.670000076293945,15842100
5.670000076293945,5.849999904632568,5.539999961853027,5.800000190734863,5.800000190734863,12221500
5.809999942779541,6.110000133514404,5.809999942779541,6.050000190734863,6.050000190734863,11008400
5.960000038146973,6.03000020980835,5.570000171661377,5.619999885559082,5.619999885559082,17780800
5.619999885559082,5.650000095367432,5.340000152587891,5.369999885559082,5.369999885559082,11988700
5.340000152587891,5.420000076293945,5.210000038146973,5.369999885559082,5.369999885559082,10731600
5.440000057220459,5.489999771118164,5.170000076293945,5.179999828338623,5.179999828338623,10975100
5.019999980926514,5.159999847412109,4.940000057220459,5.090000152587891,5.090000152587891,17504900
5.150000095367432,5.239999771118164,4.920000076293945,5.019999980926514,5.019999980926514,15632100
5.019999980926514,5.195000171661377,4.909999847412109,4.920000076293945,4.920000076293945,17801200
4.840000152587891,4.96999979019165,4.730999946594238,4.849999904632568,4.849999904632568,9592100
5.079999923706055,5.230000019073486,4.98199987411499,5.019999980926514,5.019999980926514,15714600
5.050000190734863,5.099999904632568,4.764999866485596,4.980000019073486,4.980000019073486,12078900
5.070000171661377,5.179999828338623,4.880000114440918,4.96999979019165,4.96999979019165,10861700
4.980000019073486,5.0,4.710000038146973,4.75,4.75,10065100
4.690000057220459,4.699999809265137,4.260000228881836,4.380000114440918,4.380000114440918,20849900
4.389999866485596,4.449999809265137,4.199999809265137,4.400000095367432,4.400000095367432,11638400
4.320000171661377,4.349999904632568,4.119999885559082,4.159999847412109,4.159999847412109,11575500
4.079999923706055,4.340000152587891,4.050000190734863,4.309999942779541,4.309999942779541,11575500
4.230000019073486,4.420000076293945,4.050000190734863,4.090000152587891,4.090000152587891,12284700
4.099999904632568,4.510000228881836,4.090000152587891,4.489999771118164,4.489999771118164,11981600
4.579999923706055,4.61899995803833,3.75,3.7799999713897705,3.7799999713897705,102265700
3.759999990463257,3.759999990463257,3.5,3.5799999237060547,3.5799999237060547,26033500
3.5899999141693115,3.630000114440918,3.390000104904175,3.440000057220459,3.440000057220459,17386200
3.450000047683716,3.5199999809265137,3.359999895095825,3.380000114440918,3.380000114440918,12399700
3.3399999141693115,3.6500000953674316,3.299999952316284,3.640000104904175,3.640000104904175,18120000
3.559999942779541,3.609999895095825,3.2300000190734863,3.240000009536743,3.240000009536743,19892200
3.2799999713897705,3.2899999618530273,3.0799999237060547,3.109999895095825,3.109999895095825,16960700
3.009999990463257,3.1700000762939453,2.940000057220459,2.9700000286102295,2.9700000286102295,18611200
2.9200000762939453,2.9800000190734863,2.7750000953674316,2.799999952316284,2.799999952316284,17970600
2.8399999141693115,3.049999952316284,2.759999990463257,2.7699999809265137,2.7699999809265137,17304100
2.759999990463257,2.759999990463257,2.5899999141693115,2.609999895095825,2.609999895095825,14636400
2.569999933242798,2.700000047683716,2.450000047683716,2.490000009536743,2.490000009536743,18272700
2.5199999809265137,2.5799999237060547,2.3949999809265137,2.490000009536743,2.490000009536743,23675500
2.549999952316284,2.569999933242798,2.384999990463257,2.4600000381469727,2.4600000381469727,10920200
2.4700000286102295,2.559999942779541,2.4100000858306885,2.5399999618530273,2.5399999618530273,10334500
2.5299999713897705,2.5799999237060547,2.440000057220459,2.509999990463257,2.509999990463257,13084800
2.5899999141693115,2.9000000953674316,2.5899999141693115,2.890000104904175,2.890000104904175,18553300
3.0299999713897705,3.299999952316284,3.009999990463257,3.0799999237060547,3.0799999237060547,20677300
3.1600000858306885,3.1600000858306885,2.7799999713897705,2.819999933242798,2.819999933242798,15042800
2.799999952316284,2.859999895095825,2.7200000286102295,2.8299999237060547,2.8299999237060547,7279500
2.8499999046325684,2.859999895095825,2.7100000381469727,2.740000009536743,2.740000009536743,8693100
2.7799999713897705,2.8299999237060547,2.630000114440918,2.690000057220459,2.690000057220459,13303300
2.700000047683716,2.7300000190734863,2.5799999237060547,2.7100000381469727,2.7100000381469727,12099200
2.690000057220459,2.799999952316284,2.609999895095825,2.75,2.75,8751200
2.9100000858306885,3.25,2.9049999713897705,3.2300000190734863,3.2300000190734863,20728700
3.2699999809265137,3.5399999618530273,3.2300000190734863,3.319999933242798,3.319999933242798,20053500
3.25,3.309999942779541,3.0299999713897705,3.130000114440918,3.130000114440918,19969700
2.0299999713897705,2.119999885559082,1.9500000476837158,2.0199999809265137,2.0199999809265137,91075700
2.0199999809265137,2.190000057220459,1.9700000286102295,2.119999885559082,2.119999885559082,50258200
2.0899999141693115,2.115000009536743,1.9500000476837158,1.9700000286102295,1.9700000286102295,28413000
2.009999990463257,2.0399999618530273,1.9299999475479126,1.9700000286102295,1.9700000286102295,21357500
1.9800000190734863,2.119999885559082,1.940000057220459,2.0399999618530273,2.0399999618530273,14139200
